Elemente negative:
-1.029768
-0.941486
-0.162338
-0.146055
-0.532011
-0.875729
-0.483815
-0.712005
-1.174212
-0.192240
-0.274070
-0.249025
-1.064213
-0.229626
-1.506160
-0.444628
-0.155941
-0.261164
-1.250679
-0.947961
-0.741106
-0.507818
-0.320576
-3.029177
-0.457015
-1.066701
-0.029006
-1.565056
-0.084539
-0.734169
-0.030814
-0.372809
-0.236455
-2.258354
-1.664164
-0.590035
-0.278064
-1.670201
-1.212847
-0.650908
-0.944378
-1.321789
-0.054919
-0.690361
-0.651554
-1.611830
-0.024462
-1.948847
-0.070837
-2.486284
-2.192435
-2.319280
